88407
81605
81606
81607
81608
81616
81619
81621
81623
81624
81632
81636
81640
81641
81642
81643
81644
81651
81652
81655
81658
81660
81663
81669
81670
81678
81680
81685
81686
81687
81688
81689
81692
81670
81693
81678
81694
81680
81698
81685
81699
81686
81702
81687
81688
81689
81692
81693
81694
81698
81699
81702
81704
81707
81711
81714
81720
81722
81704
81723
81725
81707
81726
81711
81727
81714
81734
81742
81720
81743
81722
81745
81723
81725
81747
81726
81748
81727
81734
81749
81742
81752
81743
81754
81745
81757
81747
81761
81748
81765
81749
81766
81752
81770
81754
81772
81757
81778
81761
81779
81765
81780
81766
81781
81770
81784
81772
81787
81778
81779
81788
81780
81790
81781
81795
81784
81796
81787
81797
81788
81804
81790
81805
81795
81809
81796
81810
81797
81822
81804
81823
81805
81809
81810
81824
81822
81825
81823
81832
81834
81824
81825
81832
81834
81837
81838
81839
81837
81843
81838
81845
81839
81843
81846
81845
81851
81846
81852
81851
81853
81852
81854
81853
81857
81854
81857
81859
81863
81859
81863
81866
81866
81867
81867
81873
81873
81878
81878
81879
81879
81880
81880
81881
81881
81882
81882
81883
81883
81890
81890
81891
81891
81892
81892
81894
81895
81894
81895
81904
81912
81904
81914
81912
81914
81918
81919
81918
81924
81919
81925
81926
81924
81927
81925
81926
81927
81931
81932
81931
81933
81934
81932
81936
81933
81940
81934
81941
81936
81951
81940
81954
81941
81955
81951
81956
81954
81957
81955
81956
81958
81957
81961
81958
81962
81961
81969
81962
81971
81972
81969
81973
81971
81974
81972
81975
81973
81977
81974
81975
81979
81977
81979
81984
81986
81984
81989
81986
81991
81989
81996
81991
81999
81996
82000
81999
82002
82000
82003
82002
82004
82003
82004
82005
82006
82007
82008
82009
82013
82014
82015
82016
82017
82018
82021
82022
82023
82025
82026
82027
82029
82030
82038
82042
82045
82047
82049
82051
82053
82054
82059
82060
82061
82075
82081
82084
82087
82089
82090
82091
82093
82098
82100
82102
82103
82104
82111
82112
82114
82117
82118
82120
82122
82123
82124
82125
82127
82129
82132
82136
82137
82145
82120
82146
82147
82122
82155
82123
82156
82124
82164
82125
82167
82172
82177
82178
82181
82186
82188
82189
82190
82192
82193
82194
82196
82206
82209
82210
82211
82212
82213
82215
82216
82217
82219
82224
82225
82227
82228
82229
82232
82235
82241
82244
82247
82248
82252
82253
82255
82256
82258
82260
82261
82262
82264
82268
82278
82281
82282
82283
82286
82287
82291
82292
82293
82297
82303
82305
82306
82308
82309
82311
82312
82313
82315
82318
82319
82321
82323
82329
82331
82332
82333
82334
82337
82338
82340
82341
82342
82344
82345
82346
82347
82349
82352
82353
82354
82355
82356
82358
82363
82365
82371
82385
82390
82395
82397
82398
82399
82401
82402
82404
82409
82413
82419
82422
82423
82427
82429
82432
82442
82443
82444
82445
82448
82449
82450
82451
82453
82454
82457
82460
82461
82462
82467
82469
82470
82474
82476
82479
82486
82490
82491
82495
82501
82505
82506
82509
82511
82514
82515
82516
82526
82530
82534
82535
82538
82540
82547
82548
82549
82550
82551
82554
82561
82562
82563
82564
82567
82568
82569
82572
82573
82574
82579
82580
82581
82582
82583
82587
82589
82590
82593
82594
82595
82600
82601
82603
82613
82614
82616
82619
82622
82623
82626
82628
88413
